  1000.  0.000352431234  1.09261955E-05
  1006.83929  0.000347551744  1.06338575E-05
  1013.7254  0.000342739775  1.03493367E-05
  1020.65863  0.000337995531  1.00723964E-05
  1027.63916  0.000333317555  9.80286677E-06
  1034.66748  0.000328704715  9.54055122E-06
  1041.7439  0.000324156572  9.28526424E-06
  1048.86877  0.000319671293  9.03679756E-06
  1056.04236  0.000315249577  8.79492382E-06
  1063.26489  0.000310889125  8.55952658E-06
  1070.53687  0.000306589936  8.33046943E-06
  1077.85852  0.000302350789  8.10756774E-06
  1085.23035  0.000298170577  7.89062051E-06
  1092.65271  0.000294049212  7.67947949E-06
  1100.12561  0.000289984862  7.47399235E-06
  1107.64966  0.00028597808  7.27403176E-06
  1115.22534  0.000282026624  7.07941717E-06
  1122.85266  0.000278130639  6.88998716E-06
  1130.5321  0.000274289079  6.70560712E-06
  1138.26428  0.00027050075  6.52615108E-06
  1146.04919  0.000266765885  6.35150536E-06
  1153.88745  0.000263082504  6.18153263E-06
  1161.77917  0.000259450957  6.01611373E-06
  1169.72498  0.000255869643  5.85511771E-06
  1177.7251  0.000252338534  5.69845588E-06
  1185.77979  0.000248856959  5.54600865E-06
  1193.88977  0.000245423493  5.39763232E-06
  1202.05518  0.000242038252  5.25319865E-06
  1210.27637  0.000238699664  5.11262533E-06
  1218.55383  0.000235408093  4.97581459E-06
  1226.88794  0.000232162129  4.84266275E-06
  1235.27893  0.000228961479  4.71308113E-06
  1243.72742  0.000225805547  4.58696832E-06
  1252.23364  0.000222693241  4.46423337E-06
  1260.7981  0.000219624795  4.34477624E-06
  1269.42114  0.000216598637  4.22851599E-06
  1278.10303  0.000213615014  4.11536848E-06
  1286.84436  0.000210672762  4.0052546E-06
  1295.64551  0.000207771314  3.89808429E-06
  1304.50684  0.000204910379  3.79378048E-06
  1313.42871  0.000202088864  3.69226495E-06
  1322.41162  0.000199307178  3.59347018E-06
  1331.45605  0.000196563764  3.49731908E-06
  1340.56238  0.000193858592  3.40373754E-06
  1349.73083  0.000191190979  3.31265642E-06
  1358.96204  0.0001885604  3.22400183E-06
  1368.25647  0.000185966797  3.13769283E-06
  1377.61438  0.000183408905  3.05369485E-06
  1387.03625  0.000180886695  2.9719165E-06
  1396.52258  0.000178399176  2.89233003E-06
  1406.07397  0.000175946407  2.81488587E-06
  1415.69043  0.000173527718  2.73952196E-06
  1425.3728  0.000171142499  2.66617531E-06
  1435.12146  0.000168790692  2.5947968E-06
  1444.93665  0.000166471262  2.5253305E-06
  1454.81897  0.000164184268  2.45771025E-06
  1464.76892  0.00016192875  2.39189967E-06
  1474.78687  0.000159704679  2.32785783E-06
  1484.87341  0.000157511502  2.26554039E-06
  1495.02893  0.00015534868  2.20488982E-06
  1505.25391  0.000153216417  2.14585702E-06
  1515.54883  0.000151113447  2.08840288E-06
  1525.91406  0.000149039566  2.03174272E-06
  1536.35034  0.000146994193  1.97648251E-06
  1546.85791  0.00014497705  1.92273183E-06
  1557.43726  0.000142987745  1.87044839E-06
  1568.08911  0.000141025783  1.8195874E-06
  1578.81384  0.000139091091  1.770106E-06
  1589.61182  0.000137182957  1.72197076E-06
  1600.48364  0.000135301336  1.67514543E-06
  1611.42981  0.000133445603  1.629596E-06
  1622.45081  0.000131615496  1.58528633E-06
  1633.54736  0.000129810694  1.54218208E-06
  1644.71973  0.000128030704  1.50024869E-06
  1655.96838  0.000126275598  1.45945501E-06
  1667.29419  0.000124544546  1.41977046E-06
  1678.69727  0.000122837489  1.38116081E-06
  1690.17834  0.000121153949  1.34359868E-06
  1701.73804  0.00011949359  1.30706235E-06
  1713.37671  0.000117856245  1.27152543E-06
  1725.09509  0.000116241325  1.23695486E-06
  1736.89355  0.000114648887  1.20332106E-06
  1748.77258  0.000113078277  1.1706037E-06
  1760.73303  0.000111529458  1.13877536E-06
  1772.77527  0.000110002002  1.10781264E-06
  1784.89978  0.000108495595  1.07769131E-06
  1797.10718  0.000107010055  1.04839091E-06
  1809.39832  0.00010554483  1.01988712E-06
  1821.77332  0.00010410008  9.92160835E-07
  1834.23291  0.000102675134  9.65188633E-07
  1846.77783  0.000101269878  9.3894846E-07
  1859.40845  9.98839896E-05  9.13422639E-07
  1872.12561  9.85170918E-05  8.88590591E-07
  1884.92969  9.71690679E-05  8.64432536E-07
  1897.82117  9.58394885E-05  8.40932614E-07
  1910.80103  9.45285356E-05  8.18072635E-07
  1923.86963  9.32355615E-05  7.9583458E-07
  1937.02759  9.19603699E-05  7.74201283E-07
  1950.27539  9.07027279E-05  7.53157451E-07
  1963.61401  8.94623299E-05  7.32685464E-07
  1977.0437  8.82392123E-05  7.12768724E-07
  1990.56543  8.70328004E-05  6.9339319E-07
  2004.17944  8.58431958E-05  6.74544651E-07
  2017.8866  8.4669904E-05  6.56208158E-07
  2031.6875  8.35127285E-05  6.38244444E-07
  2045.58301  8.23714581E-05  6.2063441E-07
  2059.57349  8.12457874E-05  6.03509591E-07
  2073.65942  8.01356728E-05  5.86856061E-07
  2087.8418  7.90407066E-05  5.70662394E-07
  2102.12109  7.79608454E-05  5.54917904E-07
  2116.49829  7.68957543E-05  5.39608152E-07
  2130.97363  7.58453243E-05  5.24720747E-07
  2145.5481  7.48093662E-05  5.10243069E-07
  2160.22217  7.37875744E-05  4.96165399E-07
  2174.99634  7.27798179E-05  4.82477901E-07
  2189.87207  7.17858129E-05  4.6916756E-07
  2204.84912  7.08055959E-05  4.56224797E-07
  2219.92871  6.98388467E-05  4.43639181E-07
  2235.11157  6.88853179E-05  4.31400963E-07
  2250.39819  6.79448567E-05  4.19502015E-07
  2265.78931  6.70172376E-05  4.07931566E-07
  2281.28564  6.61024897E-05  3.96677706E-07
  2296.88818  6.52002127E-05  3.85734268E-07
  2312.59717  6.43104067E-05  3.75095567E-07
  2328.41406  6.34327807E-05  3.647516E-07
  2344.33862  6.25671964E-05  3.54692759E-07
  2360.37231  6.17135011E-05  3.44909722E-07
  2376.51562  6.0871469E-05  3.35397203E-07
  2392.76929  6.00410312E-05  3.26148353E-07
  2409.13403  5.92219512E-05  3.17155013E-07
  2425.61108  5.84140798E-05  3.08409511E-07
  2442.20068  5.7617297E-05  2.99905707E-07
  2458.90356  5.68314281E-05  2.91636695E-07
  2475.7207  5.60564149E-05  2.8359571E-07
  2492.65283  5.52919628E-05  2.75776785E-07
  2509.70093  5.45380317E-05  2.68173409E-07
  2526.86548  5.37944034E-05  2.60780268E-07
  2544.14746  5.3060965E-05  2.53591708E-07
  2561.54785  5.23375784E-05  2.46601701E-07
  2579.06689  5.16240798E-05  2.39804905E-07
  2596.70605  5.09203892E-05  2.3319528E-07
  2614.46582  5.02262919E-05  2.26768108E-07
  2632.34692  4.95417371E-05  2.20518103E-07
  2650.35034  4.88665391E-05  2.14440334E-07
  2668.47681  4.82006108E-05  2.08530935E-07
  2686.72754  4.75438319E-05  2.0278496E-07
  2705.10278  4.6896017E-05  1.97197551E-07
  2723.60376  4.62570679E-05  1.91763661E-07
  2742.23145  4.56268172E-05  1.86479909E-07
  2760.98633  4.50052357E-05  1.81342415E-07
  2779.86963  4.43921381E-05  1.7634683E-07
  2798.88208  4.37874514E-05  1.71489035E-07
  2818.02441  4.31910812E-05  1.66765631E-07
  2837.29761  4.26028382E-05  1.62172626E-07
  2856.70288  4.20226461E-05  1.57706339E-07
  2876.24072  4.14503556E-05  1.53363231E-07
  2895.91211  4.08859487E-05  1.49140348E-07
  2915.71826  4.03292615E-05  1.45034093E-07
  2935.65991  3.97801705E-05  1.41041198E-07
  2955.73755  3.92385846E-05  1.37158452E-07
  2975.95288  3.87043692E-05  1.33382983E-07
  2996.3064  3.81775499E-05  1.29711594E-07
  3016.79907  3.76578973E-05  1.26140847E-07
  3037.43164  3.71453534E-05  1.22638397E-07
  3058.20581  3.66397871E-05  1.192154E-07
  3079.12183  3.61411148E-05  1.15888142E-07
  3100.18091  3.56492565E-05  1.1265459E-07
  3121.38379  3.51641029E-05  1.09511568E-07
  3142.73218  3.46855995E-05  1.06456007E-07
  3164.22607  3.421363E-05  1.03485924E-07
  3185.86719  3.3748096E-05  1.00599188E-07
  3207.65649  3.32889103E-05  9.7793432E-08
  3229.59448  3.28359929E-05  9.50662269E-08
  3251.68286  3.23892818E-05  9.24152204E-08
  3273.92188  3.19486571E-05  8.98386148E-08
  3296.31323  3.15140496E-05  8.73340582E-08
  3318.85791  3.10853611E-05  8.48995825E-08
  3341.55664  3.0662537E-05  8.2533127E-08
  3364.4104  3.02454937E-05  8.02327875E-08
  3387.42065  2.98341311E-05  7.79968232E-08
  3410.58838  2.94283836E-05  7.58235004E-08
  3433.91431  2.90281569E-05  7.37110071E-08
  3457.40015  2.86333943E-05  7.16574178E-08
  3481.04614  2.82440142E-05  6.96614464E-08
  3504.85425  2.78599473E-05  6.77213166E-08
  3528.82495  2.74811409E-05  6.58355006E-08
  3552.95972  2.71074841E-05  6.40024425E-08
  3577.25952  2.6738966E-05  6.22207139E-08
  3601.72559  2.637545E-05  6.04888442E-08
  3626.35864  2.60168854E-05  5.88055222E-08
  3651.1604  2.56631902E-05  5.71692134E-08
  3676.13208  2.53143226E-05  5.55787416E-08
  3701.27417  2.4970228E-05  5.40326432E-08
  3726.58813  2.46308191E-05  5.25298418E-08
  3752.07568  2.42960414E-05  5.10691507E-08
  3777.73706  2.3965822E-05  4.96493158E-08
  3803.57422  2.36401174E-05  4.82692499E-08
  3829.58813  2.33188548E-05  4.69277843E-08
  3855.77979  2.30019687E-05  4.56237679E-08
  3882.15088  2.26894008E-05  4.43563621E-08
  3908.7019  2.23810857E-05  4.31244302E-08
  3935.43481  2.20769798E-05  4.19268993E-08
  3962.35034  2.17770103E-05  4.07628562E-08
  3989.4502  2.14811262E-05  3.96313844E-08
  4016.73511  2.11892748E-05  3.85314003E-08
  4044.20703  2.09013888E-05  3.74620939E-08
  4071.86646  2.06174354E-05  3.64226054E-08
  4099.71533  2.03373365E-05  3.54122598E-08
  4127.75488  2.00610757E-05  3.44225342E-08
  4155.98535  1.97885838E-05  3.34598624E-08
  4184.40967  1.95197972E-05  3.25243334E-08
  4213.02783  1.9254674E-05  3.16152153E-08
  4241.84229  1.8993147E-05  3.07317265E-08
  4270.85352  1.87351779E-05  2.98731635E-08
  4300.06299  1.84807122E-05  2.90388265E-08
  4329.47266  1.82297317E-05  2.82279764E-08
  4359.08301  1.79821673E-05  2.74400467E-08
  4388.89648  1.77379625E-05  2.66743054E-08
  4418.91357  1.74970755E-05  2.59301469E-08
  4449.13574  1.72594646E-05  2.52069601E-08
  4479.56445  1.70251151E-05  2.45042031E-08
  4510.20215  1.67939415E-05  2.38212401E-08
  4541.04834  1.6565913E-05  2.31575523E-08
  4572.10645  1.63409732E-05  2.25125234E-08
  4603.37646  1.61191074E-05  2.18857164E-08
  4634.85986  1.59002757E-05  2.12765521E-08
  4666.55908  1.56844126E-05  2.06845652E-08
  4698.47559  1.54714762E-05  2.01093151E-08
  4730.60986  1.52614339E-05  1.95502761E-08
  4762.96387  1.50542555E-05  1.90069933E-08
  4795.53955  1.48498912E-05  1.84789819E-08
  4828.3374  1.46483089E-05  1.79658706E-08
  4861.35986  1.44494734E-05  1.7467201E-08
  4894.60791  1.42533372E-05  1.69825771E-08
  4928.08398  1.4059874E-05  1.65116134E-08
  4961.78857  1.38690411E-05  1.6053912E-08
  4995.72363  1.36808067E-05  1.5609114E-08
  5029.89111  1.34951288E-05  1.51767896E-08
  5064.29199  1.33119802E-05  1.4756635E-08
  5098.92822  1.31313245E-05  1.43482808E-08
  5133.80127  1.29531199E-05  1.39514595E-08
  5168.91357  1.27773319E-05  1.35658267E-08
  5204.26514  1.26039322E-05  1.31910634E-08
  5239.8584  1.24328944E-05  1.28254234E-08
  5275.69531  1.22641823E-05  1.24691253E-08
  5311.77783  1.20977611E-05  1.2122932E-08
  5348.10645  1.19336082E-05  1.17865531E-08
  5384.68408  1.17716827E-05  1.14596785E-08
  5421.51172  1.16119645E-05  1.11420615E-08
  5458.59082  1.14544182E-05  1.08334399E-08
  5495.92383  1.12990128E-05  1.05335793E-08
  5533.51221  1.1145723E-05  1.02422275E-08
  5571.35791  1.09945104E-05  9.95912508E-09
  5609.46191  1.08453505E-05  9.68403402E-09
  5647.82666  1.06982152E-05  9.41673672E-09
  5686.45361  1.05530753E-05  9.15699871E-09
  5725.34521  1.04099045E-05  8.90458995E-09
  5764.50244  1.02686881E-05  8.6593559E-09
  5803.92773  1.01293954E-05  8.42106918E-09
  5843.62256  9.99199438E-06  8.18952106E-09
  5883.58936  9.8564542E-06  7.96451083E-09
  5923.82861  9.72275666E-06  7.74586884E-09
  5964.34375  9.59087811E-06  7.53341745E-09
  6005.13574  9.46079035E-06  7.32695904E-09
  6046.20654  9.33246793E-06  7.12631287E-09
  6087.55811  9.20588809E-06  6.93134394E-09
  6129.19336  9.08102174E-06  6.74188172E-09
  6171.1123  8.95786161E-06  6.55778054E-09
  6213.31885  8.83636858E-06  6.37888098E-09
  6255.81348  8.71653083E-06  6.2050356E-09
  6298.59863  8.59832198E-06  6.03609918E-09
  6341.67725  8.48171476E-06  5.87163784E-09
  6385.0498  8.36669005E-06  5.71129277E-09
  6428.71924  8.25322422E-06  5.55549917E-09
  6472.68701  8.14130726E-06  5.40413359E-09
  6516.95605  8.03090643E-06  5.25706145E-09
  6561.52734  7.92200353E-06  5.11416243E-09
  6606.40332  7.81457857E-06  4.97531927E-09
  6651.58643  7.70861152E-06  4.84041562E-09
  6697.0791  7.60408693E-06  4.70934181E-09
  6742.88232  7.50097934E-06  4.5819748E-09
  6788.99902  7.39927009E-06  4.45821824E-09
  6835.43115  7.29894055E-06  4.3379722E-09
  6882.18066  7.1999757E-06  4.22113544E-09
  6929.25  7.10235554E-06  4.10761158E-09
  6976.64111  7.0060596E-06  3.99730293E-09
  7024.35693  6.91106789E-06  3.89011534E-09
  7072.39844  6.81736583E-06  3.78596399E-09
  7120.76904  6.72493888E-06  3.68474717E-09
  7169.46973  6.63376659E-06  3.58640184E-09
  7218.50439  6.5438303E-06  3.49084339E-09
  7267.87354  6.45511318E-06  3.397993E-09
  7317.58105  6.36759887E-06  3.30776739E-09
  7367.62793  6.28127145E-06  3.22009219E-09
  7418.01807  6.19611319E-06  3.1348939E-09
  7468.75195  6.1121159E-06  3.05210479E-09
  7519.83301  6.0292582E-06  2.97164915E-09
  7571.26318  5.94752737E-06  2.89347213E-09
  7623.04541  5.86690703E-06  2.81750023E-09
  7675.18164  5.78737945E-06  2.74367262E-09
  7727.6748  5.70892962E-06  2.67191846E-09
  7780.52686  5.63154299E-06  2.60218713E-09
  7833.74023  5.55520637E-06  2.53442889E-09
  7887.31787  5.4799043E-06  2.46858334E-09
  7941.26123  5.40562542E-06  2.40459364E-09
  7995.57422  5.33235652E-06  2.34240249E-09
  8050.25879  5.26007989E-06  2.28189823E-09
  8105.31641  5.18878414E-06  2.22308527E-09
  8160.75146  5.11845428E-06  2.16592522E-09
  8216.56543  5.04908121E-06  2.11037698E-09
  8272.76074  4.98065037E-06  2.05639106E-09
  8329.34082  4.91314677E-06  2.00382422E-09
  8386.30762  4.84655811E-06  1.95253302E-09
  8443.66406  4.78087168E-06  1.90268601E-09
  8501.41309  4.71607609E-06  1.8542492E-09
  8559.55664  4.65215817E-06  1.80717807E-09
  8618.09863  4.58910972E-06  1.76143267E-09
  8677.04004  4.52691756E-06  1.71697589E-09
  8736.38574  4.4655676E-06  1.67377012E-09
  8796.13574  4.40505073E-06  1.63177938E-09
  8856.2959  4.34535195E-06  1.59096658E-09
  8916.86621  4.28646399E-06  1.55130087E-09
  8977.85156  4.22837275E-06  1.51274915E-09
  9039.25391  4.17107185E-06  1.47528212E-09
  9101.07617  4.11454948E-06  1.43886769E-09
  9163.32129  4.05879291E-06  1.40347367E-09
  9225.99219  4.00379167E-06  1.36906941E-09
  9289.09082  3.94953668E-06  1.33562961E-09
  9352.62207  3.8960161E-06  1.30312505E-09
  9416.58789  3.84322084E-06  1.27152822E-09
  9480.99023  3.79114135E-06  1.24081645E-09
  9545.83496  3.73976627E-06  1.21096233E-09
  9611.12109  3.68908945E-06  1.18194121E-09
  9676.85449  3.63910226E-06  1.15372956E-09
  9743.03711  3.58979264E-06  1.12630427E-09
  9809.67285  3.54115082E-06  1.09964193E-09
  9876.76465  3.4931677E-06  1.07372122E-09
  9944.31543  3.44583668E-06  1.04851894E-09
  10012.3271  3.39914936E-06  1.02399289E-09
  10080.8047  3.35309414E-06  1.00003283E-09
  10149.75  3.30765965E-06  9.76736914E-10
  10219.168  3.26284021E-06  9.54083368E-10
  10289.0596  3.21863126E-06  9.3205299E-10
  10359.4297  3.17502213E-06  9.10629017E-10
  10430.2803  3.1320053E-06  8.89795293E-10
  10501.6162  3.08957328E-06  8.69535E-10
  10573.4404  3.04771561E-06  8.49829263E-10
  10645.7559  3.00642205E-06  8.30664648E-10
  10718.5654  2.96568828E-06  8.12024781E-10
  10791.873  2.92550794E-06  7.9389606E-10
  10865.6816  2.88587376E-06  7.76263109E-10
  10939.9961  2.84677594E-06  7.59109942E-10
  11014.8174  2.80820814E-06  7.42421513E-10
  11090.1504  2.77016306E-06  7.26187777E-10
  11166.  2.73263277E-06  7.10399128E-10
  11242.3682  2.6956111E-06  6.95040636E-10
  11319.2578  2.65909148E-06  6.80096757E-10
  11396.6738  2.62306617E-06  6.65556388E-10
  11474.6191  2.58752948E-06  6.51409704E-10
  11553.0977  2.55247664E-06  6.37646436E-10
  11632.1123  2.51789857E-06  6.24254648E-10
  11711.6689  2.48378637E-06  6.11222795E-10
  11791.7686  2.45013575E-06  5.98542216E-10
  11872.416  2.41694306E-06  5.86201199E-10
  11953.6152  2.38420125E-06  5.74190473E-10
  12035.3701  2.35190282E-06  5.62501601E-10
  12117.6836  2.32004459E-06  5.51127588E-10
  12200.5596  2.28861768E-06  5.40056833E-10
  12284.0029  2.25761482E-06  5.29277289E-10
  12368.0176  2.22703056E-06  5.18783461E-10
  12452.6064  2.1968624E-06  5.08541265E-10
  12537.7734  2.16710396E-06  4.98543151E-10
  12623.5225  2.13774888E-06  4.88811047E-10
  12709.8594  2.10878852E-06  4.79336404E-10
  12796.7852  2.08022129E-06  4.70112949E-10
  12884.3066  2.05204219E-06  4.61133298E-10
  12972.4268  2.02424576E-06  4.52390708E-10
  13061.1484  1.99682563E-06  4.43878961E-10
  13150.4785  1.9697768E-06  4.35591008E-10
  13240.418  1.94309519E-06  4.27521019E-10
  13330.9736  1.916776E-06  4.1966125E-10
  13422.1475  1.89081391E-06  4.12006707E-10
  13513.9463  1.86520185E-06  4.04551143E-10
  13606.373  1.83993575E-06  3.97289091E-10
  13699.4307  1.81501321E-06  3.9021586E-10
  13793.125  1.79042922E-06  3.83326287E-10
  13887.4609  1.766178E-06  3.76613962E-10
  13982.4414  1.74225374E-06  3.70073583E-10
  14078.0713  1.71865338E-06  3.63700958E-10
  14174.3555  1.69537418E-06  3.57491897E-10
  14271.2988  1.67241046E-06  3.51441459E-10
  14368.9043  1.64975802E-06  3.45544648E-10
  14467.1777  1.62741242E-06  3.3979683E-10
  14566.123  1.60536945E-06  3.34194422E-10
  14665.7461  1.58362491E-06  3.28733124E-10
  14766.0498  1.56217504E-06  3.23409521E-10
  14867.0391  1.54101679E-06  3.18219423E-10
  14968.7188  1.52014582E-06  3.13159165E-10
  15071.0947  1.4995569E-06  3.081288E-10
  15174.1709  1.4792455E-06  3.03179565E-10
  15277.9512  1.45920956E-06  2.983509E-10
  15382.4414  1.43944624E-06  2.93639973E-10
  15487.6475  1.41995065E-06  2.89042901E-10
  15593.5713  1.40071859E-06  2.8455599E-10
  15700.2207  1.38174596E-06  2.80176438E-10
  15807.5996  1.36303072E-06  2.75901718E-10
  15915.7129  1.34457025E-06  2.7172864E-10
  16024.5645  1.32635989E-06  2.67654648E-10
  16134.1631  1.30839567E-06  2.63676525E-10
  16244.5088  1.2906753E-06  2.59791993E-10
  16355.6104  1.27319458E-06  2.55991839E-10
  16467.4727  1.25595056E-06  2.52272592E-10
  16580.0977  1.23894063E-06  2.48640358E-10
  16693.4922  1.22216079E-06  2.4509178E-10
  16807.6641  1.20560833E-06  2.41625275E-10
  16922.6191  1.18928051E-06  2.38239262E-10
  17038.3574  1.1731745E-06  2.34931102E-10
  17154.8887  1.15728596E-06  2.31698175E-10
  17272.2148  1.14161207E-06  2.28538341E-10
  17390.3457  1.12615044E-06  2.2544977E-10
  17509.2832  1.11089935E-06  2.22430935E-10
  17629.0352  1.09585471E-06  2.19479546E-10
  17749.6055  1.08101312E-06  2.16593979E-10
  17871.  1.06637219E-06  2.13772375E-10
  17993.2246  1.05192987E-06  2.11012818E-10
  18116.2871  1.03768366E-06  2.08313491E-10
  18240.1914  1.0236306E-06  2.05673006E-10
  18364.9414  1.00976786E-06  2.03089892E-10
  18490.543  9.96093036E-07  2.00562622E-10
  18617.0059  9.82603183E-07  1.98089517E-10
  18744.334  9.69296138E-07  1.95669092E-10
  18872.5312  9.56169401E-07  1.93299904E-10
  19001.6074  9.43220073E-07  1.90980246E-10
  19131.5645  9.3044639E-07  1.88709215E-10
  19262.4102  9.17845796E-07  1.86485646E-10
  19394.1543  9.05415448E-07  1.84307944E-10
  19526.7969  8.93153583E-07  1.82175053E-10
  19660.3457  8.81058043E-07  1.80085682E-10
  19794.8086  8.69126268E-07  1.78038695E-10
  19930.1914  8.57355872E-07  1.76033008E-10
  20066.5  8.45744978E-07  1.74019868E-10
  20203.7402  8.3429137E-07  1.71996584E-10
  20341.9199  8.22992774E-07  1.7001249E-10
  20481.0449  8.11847656E-07  1.68066769E-10
  20621.123  8.00853741E-07  1.66158323E-10
  20762.1562  7.90008812E-07  1.64286196E-10
  20904.1562  7.79309858E-07  1.62449082E-10
  21047.125  7.68756024E-07  1.60646468E-10
  21191.0723  7.58345607E-07  1.58877647E-10
  21336.0039  7.48076388E-07  1.57141578E-10
  21481.9277  7.37945868E-07  1.55437413E-10
  21628.8496  7.27952113E-07  1.53764251E-10
  21776.7754  7.18093759E-07  1.52121302E-10
  21925.7148  7.08369498E-07  1.50507884E-10
  22075.6699  6.98777114E-07  1.48923276E-10
  22226.6543  6.89314334E-07  1.4736673E-10
  22378.668  6.79979962E-07  1.45837592E-10
  22531.7227  6.70771954E-07  1.44335183E-10
  22685.8262  6.61688432E-07  1.4285885E-10
  22840.9805  6.52728147E-07  1.41407885E-10
  22997.1953  6.43888484E-07  1.39981582E-10
  23154.4824  6.35168362E-07  1.3857944E-10
  23312.8418  6.26567044E-07  1.37200945E-10
  23472.2871  6.18082197E-07  1.35845418E-10
  23632.8203  6.09712401E-07  1.34512318E-10
  23794.4531  6.01455838E-07  1.33201061E-10
  23957.1895  5.93311199E-07  1.31911204E-10
  24121.041  5.85276723E-07  1.30642205E-10
  24286.0117  5.77351159E-07  1.29393538E-10
  24452.1094  5.69533313E-07  1.28164784E-10
  24619.3457  5.61821423E-07  1.26955432E-10
  24787.7246  5.54213898E-07  1.25764996E-10
  24957.2559  5.46708918E-07  1.24593016E-10
  25127.9473  5.39305518E-07  1.23439134E-10
  25299.8047  5.32002446E-07  1.22302848E-10
  25472.8379  5.24798224E-07  1.21183785E-10
  25647.0547  5.1769166E-07  1.200815E-10
  25822.4629  5.10681218E-07  1.18995661E-10
  25999.0703  5.03765875E-07  1.17925891E-10
  26176.8848  4.96944608E-07  1.16871804E-10
  26355.918  4.90215655E-07  1.15833065E-10
  26536.1738  4.83577423E-07  1.14809343E-10
  26717.6621  4.77029005E-07  1.13800275E-10
  26900.3945  4.70569148E-07  1.12805515E-10
  27084.373  4.64196916E-07  1.11824779E-10
  27269.6113  4.57911E-07  1.10857719E-10
  27456.1172  4.51710576E-07  1.0990403E-10
  27643.8984  4.45594139E-07  1.08963435E-10
  27832.9648  4.39560154E-07  1.08035643E-10
  28023.3203  4.33607852E-07  1.07120389E-10
  28214.9805  4.27736268E-07  1.06217389E-10
  28407.9531  4.21944407E-07  1.05326387E-10
  28602.2441  4.16231018E-07  1.04447118E-10
  28797.8633  4.10595021E-07  1.0357934E-10
  28994.8223  4.0503528E-07  1.02722816E-10
  29193.125  3.99550601E-07  1.01877284E-10
  29392.7852  3.94140045E-07  1.01042549E-10
  29593.8125  3.88802874E-07  1.00218334E-10
  29796.2129  3.83538264E-07  9.94044777E-11
  30000.  3.78344879E-07  9.8600704E-11