   1000.00  9.03007
   1006.83  9.21491
   1013.70  9.40355
   1020.62  9.59608
   1027.58  9.79254
   1034.60  9.99304
   1041.66  10.1976
   1048.77  10.4064
   1055.93  10.6195
   1063.13  10.8370
   1070.39  11.0589
   1077.70  11.2853
   1085.05  11.5164
   1092.46  11.7521
   1099.92  11.9927
   1107.42  12.2382
   1114.98  12.4887
   1122.59  12.7444
   1130.25  13.0053
   1137.97  13.2716
   1145.74  13.5434
   1153.56  13.8207
   1161.43  14.1037
   1169.36  14.3925
   1177.34  14.6871
   1185.38  14.9877
   1193.47  15.2945
   1201.61  15.6076
   1209.81  15.9271
   1218.07  16.2532
   1226.39  16.5860
   1234.76  16.9256
   1243.19  17.2721
   1251.67  17.6257
   1260.21  17.9865
   1268.82  18.3548
   1277.48  18.7305
   1286.20  19.1140
   1294.97  19.5053
   1303.81  19.9046
   1312.71  20.3121
   1321.67  20.7279
   1330.69  21.1523
   1339.78  21.5853
   1348.92  22.0273
   1358.13  22.4783
   1367.40  22.9388
   1376.73  23.4087
   1386.13  23.8884
   1395.59  24.3780
   1405.12  24.8776
   1414.71  25.3873
   1424.36  25.9075
   1434.08  26.4382
   1443.87  26.9799
   1453.73  27.5327
   1463.65  28.0970
   1473.64  28.6727
   1483.70  29.2601
   1493.83  29.8595
   1504.02  30.4713
   1514.29  31.0956
   1524.62  31.7427
   1535.03  32.4071
   1545.51  33.0855
   1556.06  33.7779
   1566.68  34.4847
   1577.37  35.2064
   1588.14  35.9432
   1598.98  36.6955
   1609.89  37.4634
   1620.88  38.2473
   1631.94  39.0477
   1643.08  39.8647
   1654.30  40.6990
   1665.59  41.5507
   1676.96  42.4203
   1688.41  43.3081
   1699.93  44.2145
   1711.53  45.1397
   1723.21  46.0841
   1734.98  47.0484
   1746.82  48.0329
   1758.74  49.0380
   1770.75  50.0641
   1782.83  51.1117
   1795.00  52.1810
   1807.25  53.2729
   1819.59  54.3874
   1832.01  55.5252
   1844.51  56.6868
   1857.10  57.8727
   1869.78  59.0834
   1882.54  60.3195
   1895.39  61.5814
   1908.33  62.8696
   1921.35  64.1848
   1934.47  65.5273
   1947.67  66.8979
   1960.97  68.2972
   1974.35  69.7258
   1987.83  71.1843
   2001.39  72.6733
   2015.06  74.1935
   2028.81  75.7538
   2042.66  77.3708
   2056.60  79.0223
   2070.64  80.7093
   2084.77  82.4324
   2099.00  84.1919
   2113.33  85.9888
   2127.75  87.8240
   2142.27  89.6986
   2156.90  91.6133
   2171.62  93.5685
   2186.44  95.5652
   2201.37  97.6046
   2216.39  99.6876
   2231.52  101.815
   2246.75  103.987
   2262.09  106.206
   2277.53  108.472
   2293.07  110.787
   2308.72  113.151
   2324.48  115.565
   2340.35  118.030
   2356.32  120.548
   2372.40  123.119
   2388.60  125.746
   2404.90  128.428
   2421.32  131.167
   2437.84  133.964
   2454.48  136.821
   2471.24  139.739
   2488.10  142.718
   2505.09  145.762
   2522.19  148.870
   2539.40  152.044
   2556.73  155.284
   2574.18  158.594
   2591.76  161.975
   2609.45  165.427
   2627.26  168.953
   2645.19  172.554
   2663.24  176.232
   2681.42  179.987
   2699.72  183.821
   2718.15  187.738
   2736.70  191.738
   2755.38  195.823
   2774.19  199.994
   2793.13  204.254
   2812.19  208.603
   2831.39  213.045
   2850.71  217.582
   2870.17  222.214
   2889.76  226.945
   2909.48  231.775
   2929.34  236.708
   2949.34  241.745
   2969.47  246.889
   2989.74  252.142
   3010.14  257.507
   3030.69  263.017
   3051.38  268.720
   3072.20  274.546
   3093.17  280.496
   3114.29  286.574
   3135.54  292.784
   3156.94  299.129
   3178.49  305.610
   3200.19  312.229
   3222.03  318.992
   3244.02  325.899
   3266.17  332.955
   3288.46  340.162
   3310.90  347.525
   3333.50  355.046
   3356.26  362.730
   3379.17  370.578
   3402.23  378.594
   3425.45  386.783
   3448.83  395.148
   3472.37  403.693
   3496.07  412.420
   3519.94  421.335
   3543.96  430.440
   3568.15  439.740
   3592.51  449.240
   3617.03  458.942
   3641.72  468.851
   3666.57  478.972
   3691.60  489.310
   3716.80  499.870
   3742.17  510.654
   3767.71  521.668
   3793.43  532.917
   3819.32  544.406
   3845.39  556.138
   3871.63  568.120
   3898.06  580.357
   3924.67  592.855
   3951.45  605.618
   3978.43  618.653
   4005.58  631.964
   4032.92  645.561
   4060.45  659.448
   4088.16  673.629
   4116.07  688.191
   4144.16  703.153
   4172.45  718.436
   4200.93  734.046
   4229.60  749.990
   4258.47  766.274
   4287.54  782.905
   4316.80  799.889
   4346.27  817.236
   4375.93  834.953
   4405.80  853.047
   4435.87  871.527
   4466.15  890.398
   4496.63  909.667
   4527.33  929.346
   4558.23  949.442
   4589.34  969.963
   4620.67  990.919
   4652.21  1012.32
   4683.96  1034.16
   4715.93  1056.47
   4748.12  1079.25
   4780.53  1102.50
   4813.16  1126.24
   4846.01  1150.48
   4879.09  1175.23
   4912.39  1200.50
   4945.92  1226.29
   4979.68  1252.63
   5013.67  1279.51
   5047.89  1306.95
   5082.34  1334.97
   5117.03  1363.57
   5151.96  1392.75
   5187.12  1422.54
   5222.53  1452.98
   5258.18  1484.29
   5294.07  1516.25
   5330.20  1548.88
   5366.58  1582.18
   5403.21  1616.18
   5440.09  1650.87
   5477.23  1686.28
   5514.61  1722.41
   5552.25  1759.28
   5590.15  1796.91
   5628.31  1835.31
   5666.72  1874.48
   5705.40  1914.46
   5744.34  1955.24
   5783.55  1996.85
   5823.03  2039.30
   5862.77  2082.61
   5902.79  2126.79
   5943.08  2171.85
   5983.65  2217.81
   6024.49  2264.69
   6065.61  2312.52
   6107.01  2361.29
   6148.69  2411.02
   6190.66  2461.74
   6232.92  2513.45
   6275.46  2566.18
   6318.29  2619.93
   6361.42  2675.05
   6404.84  2731.32
   6448.56  2788.68
   6492.57  2847.16
   6536.89  2906.76
   6581.50  2967.52
   6626.43  3029.44
   6671.66  3092.54
   6717.19  3156.84
   6763.04  3222.37
   6809.21  3289.13
   6855.68  3357.16
   6902.48  3426.44
   6949.59  3497.01
   6997.02  3568.90
   7044.78  3642.11
   7092.87  3716.67
   7141.28  3792.60
   7190.02  3869.90
   7239.10  3948.58
   7288.51  4028.68
   7338.26  4110.22
   7388.35  4193.20
   7438.78  4277.64
   7489.55  4363.57
   7540.67  4450.98
   7592.14  4539.91
   7643.96  4630.37
   7696.14  4722.39
   7748.67  4815.97
   7801.56  4911.13
   7854.81  5007.86
   7908.42  5106.19
   7962.40  5206.14
   8016.75  5307.77
   8071.47  5411.17
   8126.56  5516.25
   8182.03  5623.02
   8237.88  5731.46
   8294.10  5841.60
   8350.72  5954.09
   8407.71  6068.60
   8465.10  6184.86
   8522.88  6302.91
   8581.05  6422.73
   8639.63  6544.35
   8698.60  6667.76
   8757.97  6792.97
   8817.75  6919.98
   8877.93  7048.81
   8938.53  7179.47
   8999.54  7311.95
   9060.97  7446.21
   9122.81  7582.30
   9185.08  7720.19
   9247.78  7859.91
   9310.90  8001.44
   9374.45  8144.77
   9438.44  8289.89
   9502.86  8436.81
   9567.72  8585.49
   9633.03  8735.96
   9698.78  8888.18
   9764.98  9042.15
   9831.63  9197.86
   9898.74  9355.27
   9966.30  9514.40
   10034.3  9675.88
   10102.8  9839.75
   10171.8  10005.3
   10241.2  10172.7
   10311.1  10341.7
   10381.5  10512.4
   10452.3  10684.7
   10523.7  10858.7
   10595.5  11034.2
   10667.8  11211.4
   10740.7  11390.1
   10814.0  11570.3
   10887.8  11751.9
   10962.1  11935.1
   11036.9  12119.7
   11112.2  12305.6
   11188.1  12492.8
   11264.5  12681.3
   11341.3  12871.1
   11418.8  13062.1
   11496.7  13254.2
   11575.2  13447.5
   11654.2  13641.7
   11733.7  13837.0
   11813.8  14033.3
   11894.4  14230.5
   11975.6  14428.6
   12057.4  14627.4
   12139.7  14826.9
   12222.5  15027.1
   12306.0  15228.1
   12390.0  15429.6
   12474.5  15632.9
   12559.7  15837.1
   12645.4  16041.7
   12731.7  16246.7
   12818.6  16451.9
   12906.1  16657.4
   12994.2  16862.9
   13082.9  17068.5
   13172.2  17274.1
   13262.1  17479.6
   13352.6  17684.9
   13443.8  17890.1
   13535.5  18095.0
   13627.9  18299.5
   13720.9  18503.6
   13814.6  18707.2
   13908.9  18910.2
   14003.8  19112.7
   14099.4  19314.4
   14195.6  19515.3
   14292.5  19715.4
   14390.1  19914.6
   14488.3  20112.9
   14587.2  20310.1
   14686.8  20506.2
   14787.0  20701.1
   14887.9  20894.8
   14989.5  21087.2
   15091.9  21286.8
   15194.9  21486.3
   15298.6  21684.8
   15403.0  21882.0
   15508.1  22078.1
   15614.0  22272.9
   15720.6  22466.4
   15827.9  22658.5
   15935.9  22849.3
   16044.7  23038.6
   16154.2  23226.3
   16264.5  23412.6
   16375.5  23598.0
   16487.2  23782.3
   16599.8  23964.9
   16713.1  24145.9
   16827.2  24325.0
   16942.0  24502.3
   17057.6  24677.6
   17174.1  24851.1
   17291.3  25022.7
   17409.3  25192.3
   17528.2  25360.0
   17647.8  25525.6
   17768.2  25689.1
   17889.5  25850.6
   18011.6  26010.0
   18134.6  26167.3
   18258.4  26322.4
   18383.0  26475.4
   18508.5  26626.1
   18634.8  26774.7
   18762.0  26921.1
   18890.0  27065.2
   19019.0  27207.2
   19148.8  27346.9
   19279.5  27484.3
   19411.1  27619.5
   19543.6  27752.4
   19677.0  27883.1
   19811.3  28011.5
   19946.5  28137.6
   20082.6  28271.0
   20219.7  28408.7
   20357.7  28544.5
   20496.7  28678.2
   20636.6  28810.0
   20777.4  28939.8
   20919.3  29067.8
   21062.1  29193.8
   21205.8  29317.8
   21350.6  29439.8
   21496.3  29559.9
   21643.0  29678.1
   21790.7  29794.4
   21939.5  29908.8
   22089.2  30021.3
   22240.0  30131.9
   22391.8  30240.6
   22544.6  30347.4
   22698.5  30452.3
   22853.4  30555.4
   23009.4  30656.7
   23166.5  30756.2
   23324.6  30853.8
   23483.8  30949.7
   23644.1  31043.7
   23805.5  31136.0
   23968.0  31226.6
   24131.6  31315.5
   24296.3  31402.6
   24462.1  31488.0
   24629.1  31571.7
   24797.2  31653.8
   24966.4  31734.3
   25136.9  31813.1
   25308.4  31890.3
   25481.2  31965.9
   25655.1  32040.0
   25830.2  32112.5
   26006.5  32183.5
   26184.0  32252.9
   26362.7  32320.9
   26542.7  32387.4
   26723.9  32452.5
   26906.3  32516.1
   27089.9  32578.3
   27274.8  32639.1
   27461.0  32698.5
   27648.4  32756.6
   27837.1  32813.3
   28027.1  32868.7
   28218.4  32922.9
   28411.1  32975.7
   28605.0  33027.3
   28800.2  33077.6
   28996.8  33126.8
   29194.7  33174.7
   29394.0  33221.5
   29594.6  33267.1
   29796.6  33311.5
   30000.0  33354.8